This result is for: hardwood3.csv
1.6875002011656801
1.847656470257787
2.2089846383314597
2.14941431873013
1.285156403202568
1.8271486553130698
1.224609520984816
1.184570453711785
1.185547016328201
1.907226789859123
1.666992386220955
1.064453251892701
2.389648722368295
1.0039063696749508
2.309570587822236
1.9677736720768761
0.9638673024019231
2.269531520549208
2.068359621567648
2.330078402766962
2.349609655095262
1.184570453711785
1.5253908068407331
1.74707052076701
1.366211100365035
1.184570453711785
Total count is: 26
Mean Difference: 1.6884392036814613
SNR: 25.431974203562795