This result is for: hardwood1.csv
2.948242538957853
2.326172152301293
2.386719034519043
2.286133085028264
2.326172152301293
2.426758101792071
3.57128948823083
3.04882848844863
3.4101566565223003
3.1093753706663803
2.305664337356571
2.2460940177552358
2.546875303611155
2.346679967246014
2.346679967246014
2.366211219574321
2.326172152301293
2.326172152301293
2.305664337356571
2.386719034519043
2.2460940177552358
2.466797169065099
2.426758101792071
2.386719034519043
2.265625270083543
2.366211219574321
total  count is: 26
Mean Different: 2.5192686296471076