This result is for: mdf2.csv
2.225586202810514
2.2460940177552358
2.265625270083543
2.2460940177552358
2.2460940177552358
2.366211219574321
2.2460940177552358
2.366211219574321
2.265625270083543
2.286133085028264
2.2460940177552358
2.265625270083543
2.2460940177552358
2.206054950482208
2.265625270083543
2.366211219574321
2.189453386003148
2.208984638331454
2.128906503785398
2.108398688840678
2.1484377561137062
2.128906503785406
2.048828369239348
2.028320554294628
1.927734604803844
1.887695537530818
Total count is: 26
Mean Difference: 2.1985053702553063
SNR: 28.355344983648582