This result is for: mdf3.csv
1.868164285202506
1.847656470257786
1.787109588040038
1.887695537530813
1.747070520767006
1.787109588040036
1.6474611338926501
1.6259767563315062
1.425781419966374
1.4052736050216441
1.3652345377486241
1.365234537748623
1.264648588257846
1.205078268656508
1.184570453711785
1.144531386438757
0.984375117346644
0.923828235128895
0.843750100582838
0.843750100582838
0.802734470693394
0.742187588475644
0.783203218365088
0.802734470693394
0.763671966036782
0.783203218365088
Total count is: 26
Mean Difference: 1.2627705832262737
SNR: 26.09291554828834