This result is for: softwood3.csv
1.4052736050216441
1.28515640320256
1.265625150874258
1.285156403202564
1.165039201383479
1.185547016328201
1.185547016328201
1.144531386438757
1.124023571494035
1.165039201383479
1.184570453711786
1.184570453711786
1.064453251892701
1.124023571494035
1.044921999564395
1.084961066837423
1.104492319165729
1.003906369674951
0.943359487457201
0.9033204201841719
0.8837891678558659
0.983398554730229
0.903320420184172
0.722656336147338
0.68261726887431
0.662109453929588
total  count is: 26
Mean Different: 1.0650542135028023